23.3
27.6
8.1
39.1
38.9
46.9
12.8
16.9
17.5
2.7
4.2
43.9
14.9
36.6
3.5
48.4
2.1
34.7
5.6
32.5
43.1
13.3
11.9
3.5
22.5
48.9
32.4
44.9
24.6
48.8
34.5
31.1
21.7
25.7
33.1
17.2
33.5
16.8
42.2
46.4
6.8
36.3
50.9
25.5
50.8
43.6
26.7
12.3
16.2
34.4
50.1
39.5
36.6
46.3
25.7
17.8
9.1
35.7
37.9
47.8
19.3
7.9
29.9
27.7
40.9
37.2
11.1
30.3
33.9
13.7
41.4
30.7
11.1
21.1
38.7
6.2
10.6
48.3
27.6
2.5
12.6
12.8
48.4
9.3
24.9
4.7
26.8
33.2
30.4
36.1
13.1
20.8
36.5
42.1
47.1
41.3
16.9
32.3
3.7
29.4
29.5
2.5
33.4
40.9
30.3
80.7
47.1
96.1
70.4
16.7
39.8
80.4
69.1
83.5
32.1
93.2
82.1
96.5
76.8
32.1
68.4
59.4
18.4
29.7
61.6
4.9
48.5
67.8
10.9
81.8
96.4
70.5
47.2
3.4
24.9
21.7
49.3
33.6
99.1
44.3
99.2
66.2
45.2
5.4
4.7
46.1
17.9
10.1
49.4
90.6
95.6
38.3
89.6
24.6
56.7
1.1
93.6
86.3
46.6
89.2
18.9
20.8
71.1
82.1
84.3
77.4
52.5
48.2
15.5
95.7
25.5
85.7
48.1
38.8
35.8
79.9
86.8
64.5
3.3
69.1
94.9
60.1
35.3
61.1
41.6
86.3
97.7
71.8
92.2
17.1
84.5
42.4
43.7
44.5
31.2
66.5
29.1
80.4
40.3
52.6
76.7
45.4
61.1
42.4
55.9
31.9
29.1
70.6
57.3
88.3
43.2
85.5
53.4
45.7
96.3
75.2
86.8
61.9
36.3
38.9
88.3
31.2
38.1
9.8
10.7
12.2
13.5
63.1
11.2
28.3
86.7
55.8
69.6
59.4
55.5
70.9
85.3
71.9
97.6
10.2
74.8
19.9
39.8
25.9
6.7
71.4
56.9
88.3
23.6
52.5
86.1
19.8
66.9
22.1
67.1
95.5
14.2
53.7
44.3
30.6
25.7
3.9
55.3
88.6
98.4
66.1
91.5
1.9
69.4
86.9
38.6
17.6
12.2
44.5
50.5
24.3
93.7
76.6
1.3
28.1
20.8
26.6
58.3
19.5
57.6
82.8
90.4
29.8
79.1
26.1
94.1
80.6
10.2
22.9
70.5
33.5
85.8
92.6
30.2
66.5
3.3
47.8
68.6
85.1
29.4
75.3
83.2
40.4
39.4
39.1
8.6
71.6
85.7
55.3
87.9
29.5
39.2
79.9
66.1
33.1
53.7
66.8
81.9
12.4
40.6
97.1
41.6
36.2
40.6
1.4
97.2
34.3
28.3
8.7
80.5
3.1
19.7
24.1
33.5
50.2
54.3
13.3
13.5
12.3
56.6
52.9
7.7
17.7
65.2
91.3
76.2
79.7
64.2
93.7
82.3
43.8
97.1
75.3
57.3
19.2
12.8
60.5
11.1
57.6
88.2
48.1
55.8
7.9
33.3
14.1
70.5
42.2
94.6
14.4
79.2
62.9
52.8
17.9
27.3
67.9
90.7
30.8
29.7
85.9
47.9
55.4
44.5
94.7
1.9
51.7
11.8
82.1
10.1
42.6
42.6
76.8
5.5
55.7
36.8
97.4
99.8
82.1
16.5
53.6
15.2
74.8
86.7
9.1
55.8
96.3
8.2
93.2
66.7
16.9
9.9
72.1
12.4
36.1
49.1
88.7
72.2
19.7
86.8
30.7
33.2
93.6
67.9
94.7
78.3
2.4
6.5
38.1
26.7
62.4
82.5
78.1
7.3
33.6
51.4
37.8
30.2
95.5
69.6
11.9
23.7
11.2
58.4
55.9
35.8
61.3
68.8
52.2
82.8
47.4
40.8
27.3
18.1
94.5
41.7
86.5
63.1
20.9
39.1
67.6
79.4
30.5
62.1
28.7
39.8
60.6
40.6
20.2
95.7
67.7
59.9
5.7
71.1
38.6
91.9
90.9
32.1
24.3
68.7
84.7
9.7
20.1
54.1
55.4
83.2
26.2
79.6
27.6
65.2
35.9
77.6
63.6
34.6
89.9
98.2
73.2
38.6
12.4
53.3
61.2
97.6
87.9
25.9
27.7
2.2
36.5
63.5
43.3
90.8
90.1
95.2
44.1
1.7
58.5
52.9
53.1
38.7
51.1
9.6
50.2
21.9
45.1
28.3
1.6
24.2
84.6
47.1
50.2
36.9
46.6
56.4
34.3
68.7
44.9
76.4
35.7
88.6
11.8
18.4
37.9
94.7
59.2
57.8
83.7
24.8
71.7
65.2
59.1
9.8
97.4
47.6
38.9
74.2
37.4
40.2
85.5
88.9
37.6
92.5
97.3
75.6
83.5
68.3
76.8
38.2
31.9
42.7
28.5
45.9
12.4
7.1
37.6
66.4
71.8
2.9
2.6
11.2
20.7
59.8
30.8
83.3
94.5
70.8
89.3
88.5
30.2
70.8
63.9
31.8
48.3
81.7
31.5
37.1
65.6
98.4
64.3
11.1
38.9
53.6
15.8
58.6
73.1
17.7
72.9
6.6
2.3
89.9
28.6
41.8
43.6
60.9
52.1
95.5
5.4
20.7
11.4
1.6
56.7
16.4
85.6
8.8
6.4
32.1
36.3
6.6
45.7
1.5
16.9
59.5
81.2
46.5
16.1
52.9
25.5
50.6
14.3
27.2
96.5
78.8
96.9
85.6
38.6
17.5
15.8
61.8
21.1
50.5
51.1
45.8
20.7
65.4
17.7
27.5
75.3
58.6
70.8
4.2
88.9
33.6
75.3
64.6
1.4
69.9
26.2
76.5
6.3
51.6
94.5
52.9
98.4
52.9
90.8
78.1
17.3
5.9
95.5
46.4
68.4
52.7
14.4
33.4
90.2
37.3
67.4
10.6
15.9
6.9
42.6
89.9
72.1
45.9
64.7
20.8
58.2
56.5
8.7
90.1
78.7
96.9
54.7
75.6
11.7
71.9
91.3
32.9
76.4
44.1
42.3
49.7
65.1
81.3
88.8
65.5
58.6
5.2
91.2
42.2
33.8
47.5
75.3
2.9
85.4
19.2
78.7
74.5
56.8
10.4
54.4
42.1
59.8
78.3
20.7
17.6
12.7
35.8
81.6
57.2
57.3
49.7
90.3
64.3
75.2
1.5
99.1
89.1
25.6
38.8
15.1
30.9
9.9
30.7
1.8
76.1
99.4
55.1
90.7
55.7
21.8
42.9
45.3
99.8
84.7
7.4
69.4
59.8
27.1
8.7
73.5
89.9
54.7
75.4
48.3
62.1
92.2
76.3
37.5
91.2
90.4
47.9
21.2
12.8
87.6
47.2
80.2
93.4
27.9
87.3
69.7
62.9
16.3
17.1
89.5
22.7
47.6
7.3
52.9
62.5
2.3
21.1
73.4
95.1
38.9
64.9
89.2
13.1
32.9
55.7
74.9
73.1
67.1
25.5
9.2
90.3
15.1
47.9
74.4
99.8
92.7
43.7
6.8
95.7
23.8
62.6
66.3
32.6
67.9
36.2
34.7
33.2
56.2
87.8
93.8
97.7
13.1
65.5
1.4
88.7
93.7
92.9
20.4
38.1
59.6
41.5
42.7
95.2
29.9
75.9
38.1
17.9
54.2
97.7
23.8
47.4
2.2
58.1
58.9
48.1
81.2
40.2
58.9
47.5
87.6
21.4
2.9
35.4
39.5
82.3
81.7
22.8
3.8
27.3
48.6
51.2
93.4
82.9
14.6
80.4
10.2
17.3
88.8
17.3
57.5
71.3
26.7
99.2
57.4
76.5
14.2
5.2
32.5
40.2
62.4
13.2
71.2
52.8
50.8
73.8
66.1
49.6
59.8
44.2
42.4
1.2
90.3
96.6
66.4
76.8
95.3
42.3
94.6
15.4
16.5
96.7
91.6
93.8
68.2
57.3
63.7
19.7
87.6
97.2
17.8
68.8
81.5
38.8
51.1
40.4
96.5
58.3
55.3
88.3
56.5
34.6
95.8
92.2
61.3
89.2
14.4
21.5
75.9
57.6
4.8
62.9
55.3
31.3
48.3
20.1
91.5
48.5
98.2
14.8
8.3
25.8
72.8
48.5
10.3
75.6
79.6
29.6
27.1
96.1
4.8
18.8
66.7
19.8
60.1
84.5
70.3
31.2
54.9
92.8
10.1
91.2
53.1
94.7
10.1
50.6
31.6
64.8
10.9
29.2
61.9
72.9
72.8
86.1
49.4
80.5
53.8
44.9
9.8
59.8
4.3
31.7
43.2
73.5
48.9
